1431091262.493740525
1431091262.493876301
1431091262.614114343
1431091262.664060942
1431091262.713644198
1431091262.763677369
1431091262.813647444
1431091262.863682556
1431091262.913667198
1431091262.963683238
1431091263.013649889
1431091263.063674370
1431091263.113664514
1431091263.163652905
1431091263.213687353
1431091263.263665050
1431091263.313673315
1431091263.363692641
1431091263.413674730
1431091263.463663949
1431091263.513690948
1431091263.563679527
1431091263.613666860
1431091263.663662845
1431091263.726213061
1431091263.763663141
1431091263.813679959
1431091263.863669854
1431091263.913661822
1431091263.963662807
1431091264.013646393
1431091264.063660605
1431091264.113662915
1431091264.163679498
1431091264.213668686
1431091264.263677741
1431091264.313678307
1431091264.363678222
1431091264.413684417
1431091264.463670369
1431091264.513662466
1431091264.563662488
1431091264.613667599
1431091264.663669187
1431091264.713679337
1431091264.763669836
1431091264.813664527
1431091264.899207771
1431091264.925735355
1431091264.963634371
1431091265.013643644
1431091265.063663426
1431091265.113670540
1431091265.163691308
1431091265.213671275
1431091265.263681791
1431091265.313664864
1431091265.363681920
1431091265.413660326
1431091265.463661536
1431091265.513662189
1431091265.563662491
1431091265.613680707
1431091265.663663893
1431091265.713663735
1431091265.763665685
1431091265.813652899
1431091265.863695110
1431091265.913677486
1431091265.963671965
1431091266.013691672
1431091266.063673988
1431091266.113672082
1431091266.163681467
1431091266.213661112
1431091266.263665821
1431091266.313658904
1431091266.363659877
1431091266.413681069
1431091266.463657439
1431091266.513689084
1431091266.563659523
1431091266.613664398
1431091266.663672667
1431091266.713643899
1431091266.763666661
1431091266.813664227
1431091266.863673293
1431091266.913696980
1431091266.963660032
1431091267.013662639
1431091267.063663634
1431091267.200739618
1431091267.250878597
1431091267.300851753
1431091267.350866289
1431091267.400925270
1431091267.450944383
1431091267.500864566
1431091267.550851030
1431091267.600867598
1431091267.650917119
1431091267.700870585
1431091267.750862316
1431091267.800885018
1431091267.850865477
1431091267.900941044
1431091267.950915331
1431091268.000868041
1431091268.050988196
1431091268.100865919
1431091268.150890764
1431091268.200962855
1431091268.250938166
1431091268.300924742
1431091268.350915105
1431091268.400875621
1431091268.450921264
1431091268.500952391
1431091268.550849587
1431091268.600870349
1431091268.650908070

